         Bruto      AliqINSS       ValINSS       Base IR       Aliq IR        Val IR       Líquido
       2752.20          0.09        224.93       2527.27          0.07         20.11       2507.17
       3433.89          0.12        305.48       3128.41          0.15         87.82       3040.59
       5091.56          0.14        522.42       4569.14          0.23        365.29       4203.85
       6239.00          0.14        683.06       5555.94          0.28        631.88       4924.06
       7415.36          0.14        847.75       6567.61          0.28        910.09       5657.52
      12093.10          Teto        951.62      11141.48          0.28       2167.91       8973.57
      21235.00          Teto        951.62      20283.38          0.28       4681.93      15601.45


Fim dos Dados